Modified Newton's Method Error
1.0679491924e+00
5.8394919243e-01
3.4756359243e-01
2.1508398716e-01
1.3595059628e-01
8.7007671800e-02
5.6110296664e-02
3.6358283195e-02
2.3631211965e-02
1.5389276594e-02
1.0034591820e-02
6.5484379435e-03
4.2757042939e-03
2.7927287141e-03
1.8245191758e-03
1.1921543064e-03
7.7903781740e-04
5.0911051126e-04
3.3272353747e-04
2.1745365262e-04
1.4212076909e-04
9.2886670682e-05
6.0708921295e-05
3.9678365507e-05
2.5933219066e-05
1.6949621207e-05
1.1078071458e-05
7.2405026630e-06
4.7323137236e-06
3.0929899228e-06
2.0215458274e-06
1.3212614023e-06
8.6356285189e-07
5.6441583030e-07
3.6889641963e-07
2.4110693775e-07
1.5758503880e-07
1.0299597752e-07
6.7317123209e-08
4.3997787191e-08
2.8756506509e-08
1.8794960477e-08
1.2284195217e-08
8.0288251603e-09
5.2475586099e-09
3.4297509277e-09
2.2416504208e-09
1.4651200253e-09
9.5758756480e-10
6.2586957839e-10
4.0906211751e-10
2.6735880176e-10
1.7474310887e-10
1.1421041890e-10
7.4646733239e-11
4.8788306728e-11
3.1887603669e-11
2.0841550707e-11
1.3621770378e-11
8.9031004791e-12
5.8189009167e-12
3.8031799932e-12
2.4857893521e-12
1.6247003742e-12
1.0618173008e-12
6.9411143500e-13
4.5363712786e-13
2.9642954757e-13
1.9384494010e-13
